VARS   INDEX X_AXIS Y_AXIS DX DY X_PPM Y_PPM X_HZ Y_HZ XW YW XW_HZ YW_HZ X1 X3 Y1 Y3 HEIGHT DHEIGHT VOL PCHI2 TYPE ASS CLUSTID MEMCNT
FORMAT %5d %9.3f %9.3f %6.3f %6.3f %8.3f %8.3f %9.3f %9.3f %7.3f %7.3f %8.3f %8.3f %4d %4d %4d %4d %+e %+e %+e %.5f %d %s %4d %4d

NULLVALUE -666
NULLSTRING *

    1  1405.902    87.731  0.035  0.011    7.565  126.752  6811.021 11564.243   7.963   4.048   17.524    5.771 1400 1412   85   90 +1.694317e+07 +2.654148e+04 +4.657371e+08 0.00000 1 W69    1    1
    2  1213.006   202.684  0.031  0.011    8.037  124.956  7235.544 11400.361   8.079   4.275   17.780    6.095 1207 1219  200  205 +1.937023e+07 +2.624520e+04 +5.868244e+08 0.00000 1 A67    2    1
    3  1186.236   314.973  0.037  0.011    8.102  123.201  7294.459 11240.278   8.306   4.246   18.279    6.053 1180 1192  312  318 +1.698059e+07 +2.594693e+04 +5.435491e+08 0.00000 1 Q66    3    1
    4  1212.925   328.143  0.113  0.034    8.037  122.996  7235.721 11221.504   8.715   4.434   19.179    6.321 1208 1217  326  330 +5.937981e+06 +2.561923e+04 +1.687237e+08 0.00000 1 A46    4    1
    5  1150.807   385.896  0.040  0.012    8.189  122.093  7372.430 11139.168   8.694   4.468   19.133    6.370 1145 1157  383  389 +1.708890e+07 +2.571735e+04 +6.327532e+08 0.00000 1 E4    5    2
    6  1159.143   391.030  0.061  0.016    8.169  122.013  7354.083 11131.849   9.145   4.466   20.125    6.366 1153 1165  388  394 +1.232922e+07 +2.565950e+04 +4.848011e+08 0.00000 1 E6    5    2
    7  1181.228   400.646  0.066  0.023    8.115  121.863  7305.479 11118.140   8.576   4.579   18.874    6.529 1175 1187  398  403 +1.038776e+07 +2.575089e+04 +3.650112e+08 0.00000 1 A7    6    1
    8  1179.629   411.970  0.140  0.040    8.119  121.686  7309.000 11101.995   9.804   5.420   21.576    7.727 1173 1186  409  416 +7.378002e+06 +2.558262e+04 +4.486652e+08 0.00000 1 E18    7    3
    9  1038.676   415.642  0.050  0.016    8.463  121.628  7619.208 11096.761   8.475   4.370   18.651    6.230 1033 1045  413  418 +1.404248e+07 +2.611785e+04 +4.601352e+08 0.00000 1 E5    8    1
   10  1186.378   416.036  0.131  0.024    8.102  121.622  7294.145 11096.199  11.459   4.840   25.219    6.900 1179 1194  413  419 +9.501881e+06 +2.524630e+04 +5.188279e+08 0.00000 1 R21    7    3
   11  1226.887   416.347  0.074  0.024    8.003  121.617  7204.993 11095.757   8.645   4.395   19.026    6.266 1221 1232  414  419 +9.223132e+06 +2.592136e+04 +3.028386e+08 0.00000 1 R9    9    1
   12  1100.031   419.381  0.113  0.041    8.313  121.570  7484.177 11091.431   8.697   4.590   19.140    6.544 1095 1105  417  422 +6.018534e+06 +2.587139e+04 +1.996095e+08 0.00000 1 D27   10    1
   13  1172.794   420.041  0.137  0.041    8.135  121.560  7324.042 11090.489   8.983   4.675   19.770    6.665 1168 1177  418  422 +5.317547e+06 +2.554226e+04 +1.594612e+08 0.00000 1 E36   11    1
   14  1136.935   430.841  0.126  0.034    8.223  121.391  7402.959 11075.093   8.926   4.294   19.645    6.122 1132 1142  429  433 +5.599986e+06 +2.561621e+04 +1.653308e+08 0.00000 1 E43   12    1
   15  1238.934   432.692  0.122  0.042    7.974  121.362  7178.481 11072.454   8.761   4.603   19.281    6.562 1234 1244  431  435 +5.618973e+06 +2.566072e+04 +1.719481e+08 0.00000 1 K33   13    1
   16  1125.561   441.848  0.073  0.020    8.251  121.219  7427.990 11059.400   8.568   4.335   18.856    6.180 1120 1131  439  444 +1.005151e+07 +2.590767e+04 +3.243445e+08 0.00000 1 D61   14    1
   17  1164.854   442.253  0.124  0.036    8.155  121.213  7341.516 11058.823   8.972   4.399   19.745    6.272 1160 1170  440  444 +5.878370e+06 +2.573777e+04 +1.761558e+08 0.00000 1 E45   15    1
   18  1093.955   447.145  0.086  0.024    8.328  121.136  7497.549 11051.849   8.859   4.364   19.498    6.222 1088 1099  445  450 +8.085081e+06 +2.561836e+04 +2.684433e+08 0.00000 1 E15   16    1
   19  1218.191   447.859  0.082  0.021    8.024  121.125  7224.132 11050.832   9.795   4.663   21.556    6.648 1211 1225  445  451 +1.041257e+07 +2.519222e+04 +4.671463e+08 0.00000 1 R55   17    2
   21  1108.329   457.030  0.120  0.028    8.293  120.982  7465.915 11037.756   9.159   4.309   20.157    6.144 1103 1113  455  459 +6.585902e+06 +2.566628e+04 +1.975363e+08 0.00000 1 E26   19    1
   22  1170.862   460.252  0.107  0.032    8.140  120.931  7328.292 11033.163   8.888   4.429   19.561    6.314 1165 1176  458  462 +6.668932e+06 +2.573219e+04 +2.100232e+08 0.00000 1 E52   20    1
   23  1152.815   462.059  0.109  0.040    8.184  120.903  7368.011 11030.587  11.168   6.434   24.579    9.172 1145 1161  458  467 +9.932504e+06 +2.472984e+04 +8.258571e+08 0.00000 1 Q14   21    3
   24  1099.089   465.974  0.069  0.019    8.316  120.842  7486.250 11025.006   8.749   4.337   19.254    6.183 1093 1105  464  468 +9.906343e+06 +2.571409e+04 +3.099610e+08 0.00000 1 D60   22    1
   25  1302.946   468.416  0.052  0.019    7.817  120.804  7037.605 11021.524   8.503   4.392   18.713    6.261 1297 1309  466  471 +1.274103e+07 +2.618044e+04 +4.197688e+08 0.00000 1 R64   23    1
   26  1221.507   470.172  0.108  0.107    8.016  120.776  7216.834 11019.021   8.520   8.313   18.750   11.852 1216 1227  465  474 +6.518193e+06 +2.473967e+04 +4.204337e+08 0.00000 1 R38   24    2
   27  1147.079   471.834  0.116  0.029    8.198  120.750  7380.634 11016.651   9.404   4.347   20.695    6.198 1141 1153  470  474 +6.728743e+06 +2.561084e+04 +2.250810e+08 0.00000 1 E25   25    1
   28  1162.994   479.035  0.101  0.031    8.159  120.638  7345.609 11006.385   8.793   4.554   19.351    6.493 1157 1168  477  481 +6.731084e+06 +2.553600e+04 +2.144704e+08 0.00000 1 E53   26    1
   29  1252.715   480.273  0.138  0.044    7.940  120.618  7148.152 11004.621   8.842   4.610   19.460    6.572 1248 1257  478  482 +5.283464e+06 +2.573555e+04 +1.549130e+08 0.00000 1 L42   27    1
   30  1226.243   486.062  0.117  0.031    8.005  120.528  7206.411 10996.367   9.273   4.545   20.407    6.480 1220 1232  484  488 +6.660488e+06 +2.544163e+04 +2.298698e+08 0.00000 1 R48   28    3
   31  1265.944   485.801  0.111  0.032    7.908  120.532  7119.039 10996.740   8.894   4.403   19.573    6.277 1261 1271  484  488 +6.314916e+06 +2.568660e+04 +1.894126e+08 0.00000 1 R23   29    1
   32  1241.530   489.112  0.158  0.039    7.967  120.480  7172.769 10992.020  10.213   5.011   22.477    7.143 1235 1247  487  492 +6.588454e+06 +2.555743e+04 +3.130734e+08 0.00000 1 E20   28    3
   33  1236.128   491.653  0.141  0.059    7.981  120.441  7184.657 10988.397   9.828   5.638   21.628    8.037 1230 1243  488  494 +6.156254e+06 +2.563842e+04 +3.733939e+08 0.00000 1 K47   28    3
   34   922.834   492.736  0.055  0.021    8.746  120.424  7874.151 10986.853   8.581   4.770   18.884    6.800  917  929  490  496 +1.199914e+07 +2.554430e+04 +4.652098e+08 0.00000 1 Q2   30    1
   35  1120.706   498.430  0.168  0.042    8.263  120.335  7438.675 10978.735  10.008   4.434   22.026    6.321 1115 1128  497  501 +5.715277e+06 +2.597361e+04 +2.224676e+08 0.00000 1 E37   31   10
   37  1157.293   501.170  0.040  0.011    8.173  120.292  7358.156 10974.829   8.977   4.390   19.757    6.259 1151 1163  498  504 +1.869870e+07 +2.572179e+04 +6.851763e+08 0.00000 1 E59   31   10
   38  1177.661   502.397  0.145  0.048    8.123  120.273  7313.331 10973.080   9.260   4.778   20.379    6.812 1171 1183  500  505 +5.715400e+06 +2.597605e+04 +2.526131e+08 0.00000 1 R39   31   10
   39  1200.614   504.041  0.118  0.035    8.067  120.247  7262.815 10970.735   8.919   4.744   19.629    6.763 1195 1206  502  506 +6.338594e+06 +2.517345e+04 +2.134503e+08 0.00000 1 K49   32    1
   40  1123.353   507.968  0.117  0.029    8.256  120.186  7432.850 10965.138   9.294   4.521   20.454    6.446 1117 1129  506  510 +7.001846e+06 +2.558199e+04 +2.378618e+08 0.00000 1 E51   33    1
   41  1174.256   507.590  0.084  0.024    8.132  120.192  7320.824 10965.676  10.076   4.734   22.174    6.749 1167 1181  505  511 +1.123572e+07 +2.552720e+04 +5.273094e+08 0.00000 1 R31   31   10
   42  1256.831   509.177  0.102  0.029    7.930  120.167  7139.095 10963.413   8.842   4.379   19.460    6.243 1251 1262  507  511 +6.927708e+06 +2.566166e+04 +2.144828e+08 0.00000 1 Q50   34    1
   43  1203.775   511.185  0.053  0.014    8.060  120.135  7255.859 10960.551   8.706   4.142   19.159    5.906 1198 1210  509  514 +1.328634e+07 +2.592035e+04 +4.196383e+08 0.00000 1 E62   35    1
   44  1242.847   513.841  0.093  0.029    7.964  120.094  7169.870 10956.765   8.800   4.552   19.367    6.490 1237 1248  511  516 +7.450898e+06 +2.551165e+04 +2.597389e+08 0.00000 1 K56   36    1
   45  1131.502   515.175  0.159  0.045    8.236  120.073  7414.917 10954.863   9.151   4.804   20.139    6.849 1126 1136  513  517 +5.337415e+06 +2.557653e+04 +1.751992e+08 0.00000 1 E34   37    1
   46  1186.010   515.739  0.040  0.012    8.103  120.064  7294.956 10954.059   8.774   4.377   19.310    6.240 1180 1192  513  519 +1.716647e+07 +2.576594e+04 +6.126838e+08 0.00000 1 M17   31   10
   47  1117.695   517.946  0.132  0.037    8.270  120.030  7445.303 10950.912   9.145   4.662   20.126    6.647 1113 1123  516  521 +5.902855e+06 +2.561458e+04 +2.122738e+08 0.00000 1 M44   38    2
   48  1118.439   524.142  0.086  0.023    8.268  119.933  7443.665 10942.079   8.945   4.565   19.686    6.508 1112 1124  521  527 +9.180490e+06 +2.561204e+04 +3.543610e+08 0.00000 1 R12   38    2
   49  1165.966   525.282  0.118  0.040    8.152  119.915  7339.067 10940.454   8.879   4.629   19.540    6.599 1161 1171  523  528 +5.958308e+06 +2.574802e+04 +2.091979e+08 0.00000 1 R32   39    2
   50  1225.148   528.062  0.028  0.008    8.007  119.872  7208.821 10936.491   8.143   4.066   17.921    5.797 1219 1231  526  531 +2.181151e+07 +2.625195e+04 +6.135290e+08 0.00000 1 E68   40    1
   51  1161.818   530.806  0.117  0.032    8.162  119.829  7348.197 10932.579   9.250   4.518   20.356    6.441 1156 1167  528  533 +6.624051e+06 +2.566916e+04 +2.452336e+08 0.00000 1 R24   39    2
   52  1318.815   534.229  0.087  0.027    7.778  119.775  7002.681 10927.698   8.732   4.487   19.218    6.397 1313 1324  532  537 +7.906374e+06 +2.566175e+04 +2.672302e+08 0.00000 1 K57   41    1
   53  1281.069   543.480  0.079  0.028    7.871  119.631  7085.751 10914.510   9.413   4.767   20.717    6.796 1274 1287  541  546 +1.032850e+07 +2.620682e+04 +4.369436e+08 0.00000 1 E8   42    2
   54  1288.010   546.315  0.074  0.021    7.854  119.586  7070.475 10910.469   9.851   4.649   21.680    6.628 1281 1295  544  549 +1.177343e+07 +2.575533e+04 +5.039572e+08 0.00000 1 K63   42    2
   55  1187.085   548.023  0.119  0.030    8.100  119.560  7292.589 10908.033   9.206   4.336   20.260    6.181 1181 1192  546  550 +6.278936e+06 +2.556433e+04 +1.998348e+08 0.00000 1 K22   43    1
   56  1175.335   552.323  0.127  0.040    8.129  119.493  7318.449 10901.903   9.041   4.662   19.898    6.647 1170 1181  550  555 +6.152962e+06 +2.573402e+04 +2.214675e+08 0.00000 1 Q29   44    1
   57  1292.888   557.890  0.077  0.024    7.842  119.406  7059.740 10893.967   8.666   4.560   19.072    6.501 1287 1299  555  560 +8.638219e+06 +2.552314e+04 +3.037682e+08 0.00000 1 R58   45    1
   58  1114.024   567.373  0.133  0.048    8.279  119.257  7453.381 10880.448   8.716   4.580   19.181    6.530 1110 1118  565  569 +5.156726e+06 +2.581830e+04 +1.396518e+08 0.00000 1 M40   46    1
   59  1160.708   601.571  0.078  0.026    8.165  118.723  7350.640 10831.692   8.702   4.450   19.151    6.344 1155 1167  599  604 +9.316549e+06 +2.611588e+04 +3.210007e+08 0.00000 1 I13C   47    1
   60  1256.310   449.731  0.107  0.029    7.931  121.096  7140.241 11048.163   8.888   4.521   19.561    6.445 1249 1262  446  452 +1.328806e+07 +7.334350e+04 +0.000000e+00 0.00000 1 I65   48    2
   61  1261.116   449.509  0.107  0.029    7.919  121.099  7129.665 11048.479   8.888   4.521   19.561    6.445 1254 1267  446  452 +1.851105e+07 +7.334350e+04 +0.000000e+00 0.00000 1 R11   48    2
   62  1217.720   448.292  0.107  0.029    8.026  121.118  7225.169 11050.215   8.888   4.521   19.561    6.445 1211 1224  445  451 +1.038551e+07 +7.334350e+04 +0.000000e+00 0.00000 1 K41   17    2
   63  1220.304   468.192  0.107  0.029    8.019  120.807  7219.482 11021.844   8.888   4.521   19.561    6.445 1213 1226  465  471 +6.065832e+06 +7.334350e+04 +0.000000e+00 0.00000 1 K19   24    2
   64  1188.329   416.923  0.107  0.029    8.097  121.608  7289.851 11094.936   8.888   4.521   19.561    6.445 1181 1194  413  419 +8.882832e+06 +7.334350e+04 +0.000000e+00 0.00000 1 R30    7    3
   65  1134.411   499.155  0.107  0.029    8.229  120.323  7408.514 10977.701   8.888   4.521   19.561    6.445 1127 1140  496  502 +8.695959e+06 +7.334350e+04 +0.000000e+00 0.00000 1 E16   31   10
   66  1137.250   498.380  0.107  0.029    8.222  120.335  7402.266 10978.807   8.888   4.521   19.561    6.445 1130 1143  495  501 +7.888816e+06 +7.334350e+04 +0.000000e+00 0.00000 1 E54   31   10
   67  1156.838   501.037  0.107  0.029    8.174  120.294  7359.158 10975.019   8.888   4.521   19.561    6.445 1150 1163  498  504 +1.860332e+07 +7.334350e+04 +0.000000e+00 0.00000 1 L10   31   10
   68  1184.374   515.760  0.107  0.029    8.107  120.064  7298.557 10954.028   8.888   4.521   19.561    6.445 1177 1190  512  518 +1.435039e+07 +7.334350e+04 +0.000000e+00 0.00000 1 Q3   31   10
   69  1156.583   464.657  0.107  0.029    8.175  120.862  7359.719 11026.884   8.888   4.521   19.561    6.445 1150 1163  461  467 +6.881894e+06 +7.334350e+04 +0.000000e+00 0.00000 1 E35   21    3
   70  1151.096   463.373  0.107  0.029    8.188  120.882  7371.794 11028.714   8.888   4.521   19.561    6.445 1144 1157  460  466 +8.746028e+06 +7.334350e+04 +0.000000e+00 0.00000 1 E28   21    3
